15, 385, (35 404), (61 400)
20, 375, (35 404), (61 400)
20, 380, (35 404), (61 400)
20, 425, (35 404), (61 400)
25, 370, (35 404), (61 400)
25, 375, (35 404), (61 400)
25, 380, (35 404), (61 400)
25, 430, (35 404), (61 400)
30, 365, (35 404), (61 400)
30, 370, (35 404), (61 400)
30, 375, (35 404), (61 400)
30, 430, (35 404), (61 400)
30, 435, (35 404), (61 400)
35, 360, (35 404), (61 400)
35, 365, (35 404), (61 400)
35, 370, (35 404), (61 400)
35, 375, (35 404), (61 400)
35, 430, (35 404), (61 400)
35, 435, (35 404), (61 400)
35, 440, (35 404), (61 400)
40, 355, (35 404), (61 400)
40, 360, (35 404), (61 400)
40, 365, (35 404), (61 400)
40, 370, (35 404), (61 400)
40, 375, (35 404), (61 400)
40, 430, (35 404), (61 400)
40, 435, (35 404), (61 400)
40, 440, (35 404), (61 400)
40, 445, (35 404), (61 400)
45, 430, (35 404), (61 400)
45, 435, (35 404), (61 400)
45, 440, (35 404), (61 400)
45, 445, (35 404), (61 400)
50, 425, (35 404), (61 400)
50, 430, (35 404), (61 400)
50, 435, (35 404), (61 400)
50, 440, (35 404), (61 400)
50, 445, (35 404), (61 400)
80, 355, (125 350), (61 400)
85, 360, (125 350), (61 400)
90, 360, (125 350), (61 400)
90, 365, (125 350), (61 400)
90, 370, (125 350), (61 400)
95, 365, (125 350), (61 400)
95, 370, (125 350), (61 400)
95, 375, (125 350), (61 400)
100, 370, (125 350), (61 400)
100, 375, (125 350), (61 400)
100, 380, (125 350), (61 400)
105, 380, (125 350), (61 400)
105, 385, (125 350), (61 400)
105, 390, (125 350), (61 400)
110, 395, (125 350), (61 400)
120, 170, (138 210), (165 191)
120, 175, (138 210), (165 191)
120, 180, (138 210), (165 191)
120, 185, (138 210), (165 191)
120, 190, (138 210), (165 191)
125, 165, (138 210), (165 191)
125, 170, (138 210), (165 191)
125, 175, (138 210), (165 191)
125, 180, (138 210), (165 191)
125, 185, (138 210), (165 191)
130, 170, (138 210), (165 191)
130, 175, (138 210), (165 191)
130, 180, (138 210), (165 191)
130, 185, (138 210), (165 191)
135, 180, (138 210), (165 191)
135, 185, (138 210), (165 191)
140, 185, (138 210), (165 191)
145, 235, (138 210), (165 191)
150, 235, (138 210), (165 191)
155, 230, (138 210), (165 191)
155, 235, (138 210), (165 191)
160, 225, (138 210), (165 191)
160, 230, (138 210), (165 191)
160, 235, (138 210), (165 191)
160, 240, (138 210), (165 191)
165, 220, (138 210), (165 191)
165, 225, (138 210), (165 191)
165, 230, (138 210), (165 191)
165, 235, (138 210), (165 191)
165, 240, (138 210), (165 191)
170, 230, (138 210), (165 191)
170, 235, (138 210), (165 191)
170, 240, (138 210), (165 191)
175, 95, (158 74), (221 79)
175, 235, (138 210), (165 191)
180, 55, (158 74), (221 79)
180, 60, (158 74), (221 79)
180, 90, (158 74), (221 79)
180, 95, (158 74), (221 79)
180, 100, (158 74), (221 79)
180, 105, (158 74), (221 79)
185, 45, (158 74), (221 79)
185, 50, (158 74), (221 79)
185, 55, (158 74), (221 79)
185, 60, (158 74), (221 79)
185, 65, (158 74), (221 79)
185, 70, (158 74), (221 79)
185, 75, (158 74), (221 79)
185, 80, (158 74), (221 79)
185, 85, (158 74), (221 79)
185, 90, (158 74), (221 79)
185, 95, (158 74), (221 79)
185, 100, (158 74), (221 79)
185, 105, (158 74), (221 79)
185, 110, (158 74), (221 79)
190, 40, (158 74), (221 79)
190, 45, (158 74), (221 79)
190, 50, (158 74), (221 79)
190, 55, (158 74), (221 79)
190, 60, (158 74), (221 79)
190, 65, (158 74), (221 79)
190, 70, (158 74), (221 79)
430, 345, (475 350), (449 299)
435, 340, (475 350), (449 299)
435, 345, (475 350), (449 299)
440, 340, (475 350), (449 299)
440, 345, (475 350), (449 299)
445, 335, (475 350), (449 299)
445, 340, (475 350), (449 299)
445, 345, (475 350), (449 299)
445, 380, (475 350), (473 418)
450, 335, (475 350), (449 299)
450, 340, (475 350), (449 299)
450, 345, (475 350), (449 299)
450, 375, (475 350), (473 418)
450, 380, (475 350), (473 418)
455, 330, (475 350), (449 299)
455, 375, (475 350), (473 418)
455, 380, (475 350), (473 418)
460, 375, (475 350), (473 418)
460, 380, (475 350), (473 418)
460, 645, (475 690), (432 606)
460, 650, (475 690), (460 694)
460, 655, (475 690), (460 694)
460, 660, (475 690), (460 694)
465, 325, (475 350), (449 299)
465, 375, (475 350), (473 418)
465, 380, (475 350), (473 418)
465, 645, (475 690), (460 694)
465, 650, (475 690), (460 694)
465, 655, (475 690), (460 694)
465, 660, (475 690), (460 694)
465, 665, (475 690), (460 694)
470, 325, (475 350), (449 299)
470, 375, (475 350), (473 418)
470, 380, (475 350), (473 418)
470, 650, (475 690), (460 694)
470, 655, (475 690), (460 694)
470, 660, (475 690), (460 694)
470, 665, (475 690), (460 694)
475, 320, (475 350), (449 299)
475, 380, (475 350), (473 418)
475, 650, (475 690), (460 694)
475, 655, (475 690), (460 694)
475, 660, (475 690), (460 694)
480, 320, (475 350), (449 299)
480, 325, (475 350), (449 299)
480, 375, (475 350), (473 418)
480, 380, (475 350), (473 418)
480, 650, (475 690), (460 694)
480, 655, (475 690), (460 694)
480, 660, (475 690), (460 694)
480, 665, (475 690), (460 694)
485, 315, (475 350), (449 299)
485, 320, (475 350), (449 299)
485, 325, (475 350), (449 299)
485, 375, (475 350), (473 418)
485, 380, (475 350), (473 418)
485, 655, (475 690), (460 694)
485, 660, (475 690), (460 694)
485, 665, (475 690), (460 694)
490, 315, (475 350), (449 299)
490, 320, (475 350), (449 299)
490, 325, (475 350), (449 299)
490, 375, (475 350), (473 418)
490, 380, (475 350), (473 418)
490, 655, (475 690), (460 694)
490, 660, (475 690), (460 694)
490, 665, (475 690), (460 694)
495, 315, (475 350), (511 275)
495, 320, (475 350), (511 275)
495, 375, (475 350), (473 418)
495, 380, (475 350), (473 418)
495, 660, (475 690), (460 694)
495, 665, (475 690), (460 694)
495, 670, (475 690), (460 694)
500, 320, (475 350), (511 275)
500, 380, (475 350), (473 418)
500, 665, (475 690), (460 694)
500, 670, (475 690), (460 694)
500, 675, (475 690), (460 694)
500, 680, (475 690), (460 694)
500, 685, (475 690), (460 694)
500, 695, (475 690), (460 694)
505, 320, (475 350), (511 275)
505, 380, (475 350), (473 418)
505, 675, (475 690), (460 694)
505, 680, (475 690), (460 694)
505, 685, (475 690), (460 694)
505, 690, (475 690), (460 694)
505, 695, (475 690), (460 694)
510, 385, (475 350), (473 418)
525, 550, (567 563), (566 534)
525, 555, (567 563), (566 534)
525, 560, (567 563), (566 534)
530, 230, (576 231), (511 275)
530, 550, (567 563), (566 534)
530, 555, (567 563), (566 534)
530, 560, (567 563), (566 534)
530, 565, (567 563), (566 534)
535, 235, (576 231), (511 275)
535, 240, (576 231), (511 275)
535, 550, (567 563), (566 534)
535, 555, (567 563), (566 534)
535, 560, (567 563), (566 534)
535, 565, (567 563), (566 534)
535, 570, (567 563), (566 534)
540, 235, (576 231), (511 275)
540, 240, (576 231), (511 275)
540, 245, (576 231), (511 275)
540, 550, (567 563), (566 534)
540, 555, (567 563), (566 534)
540, 560, (567 563), (566 534)
540, 565, (567 563), (566 534)
540, 570, (567 563), (566 534)
540, 575, (567 563), (566 534)
545, 240, (576 231), (511 275)
545, 245, (576 231), (511 275)
545, 250, (576 231), (511 275)
545, 255, (576 231), (511 275)
545, 550, (567 563), (566 534)
545, 575, (567 563), (566 534)
550, 245, (576 231), (582 281)
550, 250, (576 231), (582 281)
550, 255, (576 231), (582 281)
555, 245, (576 231), (582 281)
555, 250, (576 231), (582 281)
555, 255, (576 231), (582 281)
560, 255, (576 231), (582 281)
565, 255, (576 231), (582 281)
585, 255, (576 231), (582 281)
590, 550, (567 563), (566 534)
590, 575, (567 563), (566 534)
595, 250, (576 231), (582 281)
595, 550, (567 563), (566 534)
595, 555, (567 563), (566 534)
595, 560, (567 563), (566 534)
595, 565, (567 563), (566 534)
595, 570, (567 563), (566 534)
600, 240, (576 231), (582 281)
600, 245, (576 231), (582 281)
600, 250, (576 231), (582 281)
600, 550, (567 563), (566 534)
600, 555, (567 563), (566 534)
600, 560, (567 563), (566 534)
600, 565, (567 563), (566 534)
600, 570, (567 563), (566 534)
605, 240, (576 231), (582 281)
605, 245, (576 231), (582 281)
605, 250, (576 231), (582 281)
605, 550, (567 563), (566 534)
605, 555, (567 563), (566 534)
605, 560, (567 563), (566 534)
605, 565, (567 563), (566 534)
610, 200, (576 231), (650 170)
610, 240, (576 231), (582 281)
610, 245, (576 231), (582 281)
610, 250, (576 231), (582 281)
610, 550, (567 563), (566 534)
610, 555, (567 563), (566 534)
615, 205, (576 231), (650 170)
615, 245, (576 231), (582 281)
615, 250, (576 231), (582 281)
615, 320, (650 350), (579 351)
615, 325, (650 350), (579 351)
615, 330, (650 350), (579 351)
615, 335, (650 350), (579 351)
615, 340, (650 350), (579 351)
615, 345, (650 350), (579 351)
615, 350, (650 350), (579 351)
615, 355, (650 350), (579 351)
615, 360, (650 350), (579 351)
615, 365, (650 350), (579 351)
615, 370, (650 350), (579 351)
615, 375, (650 350), (579 351)
615, 380, (650 350), (579 351)
615, 385, (650 350), (579 351)
620, 210, (576 231), (650 170)
620, 250, (576 231), (582 281)
620, 325, (650 350), (579 351)
620, 330, (650 350), (579 351)
620, 335, (650 350), (579 351)
620, 340, (650 350), (579 351)
620, 345, (650 350), (579 351)
620, 350, (650 350), (579 351)
620, 355, (650 350), (579 351)
620, 360, (650 350), (579 351)
620, 365, (650 350), (579 351)
620, 370, (650 350), (579 351)
620, 375, (650 350), (579 351)
625, 335, (650 350), (579 351)
625, 340, (650 350), (579 351)
625, 345, (650 350), (579 351)
625, 355, (650 350), (579 351)
625, 360, (650 350), (579 351)
625, 365, (650 350), (579 351)
625, 370, (650 350), (579 351)
690, 485, (731 457), (650 515)
785, 665, (825 690), (826 638)
790, 665, (825 690), (826 638)
790, 670, (825 690), (826 638)
795, 665, (825 690), (826 638)
795, 670, (825 690), (826 638)
795, 675, (825 690), (826 638)
800, 665, (825 690), (826 638)
800, 670, (825 690), (826 638)
800, 675, (825 690), (826 638)
800, 680, (825 690), (826 638)
805, 665, (825 690), (826 638)
805, 670, (825 690), (826 638)
810, 665, (825 690), (826 638)
815, 665, (825 690), (826 638)
820, 665, (825 690), (826 638)
830, 665, (825 690), (826 638)
835, 665, (825 690), (826 638)
840, 665, (825 690), (826 638)
845, 665, (825 690), (826 638)
845, 670, (825 690), (826 638)
850, 665, (825 690), (826 638)
850, 670, (825 690), (826 638)
850, 675, (825 690), (826 638)
850, 680, (825 690), (826 638)
855, 665, (825 690), (826 638)
855, 670, (825 690), (826 638)
855, 675, (825 690), (826 638)
860, 665, (825 690), (826 638)
860, 670, (825 690), (826 638)
865, 665, (825 690), (826 638)
890, 200, (933 192), (876 247)
890, 570, (933 549), (937 587)
895, 205, (933 192), (876 247)
895, 560, (933 549), (937 587)
895, 565, (933 549), (937 587)
895, 570, (933 549), (937 587)
900, 205, (933 192), (876 247)
900, 210, (933 192), (876 247)
900, 555, (933 549), (937 587)
900, 560, (933 549), (937 587)
900, 565, (933 549), (937 587)
900, 570, (933 549), (937 587)
905, 210, (933 192), (876 247)
905, 215, (933 192), (876 247)
905, 220, (933 192), (876 247)
905, 550, (933 549), (937 587)
905, 555, (933 549), (937 587)
905, 560, (933 549), (937 587)
905, 565, (933 549), (937 587)
905, 570, (933 549), (937 587)
910, 215, (933 192), (876 247)
910, 220, (933 192), (876 247)
910, 225, (933 192), (876 247)
910, 560, (933 549), (937 587)
910, 565, (933 549), (937 587)
910, 570, (933 549), (937 587)
915, 220, (933 192), (876 247)
915, 225, (933 192), (876 247)
915, 230, (933 192), (876 247)
915, 570, (933 549), (937 587)
920, 225, (933 192), (876 247)
920, 230, (933 192), (876 247)
920, 235, (933 192), (876 247)
925, 240, (933 192), (876 247)
